
609.849976
609.23999
597.159973
595.630005
602.919983
602.590027
601.48999
606.539978
605.469971
604.669983
604.700012
608.140015
613.409973
610.690002
611.599976
608.960022
611.820007
610.969971
616.030029
617.650024
615.77002
617.289978
640.450012
635.98999
635.599976
637.919983
637.030029
640.119995
637.369995
635.340027
629.059998
628.340027
630.450012
655.47998
653.030029
650.48999
651
674.669983
682.299988
686.23999
714.950012
697.27002
698.669983
726.76001
733.51001
684.869995
702.080017
702.109985
709.909973
705.400024
710.900024
721.419983
714.570007
714.969971
704.27002
701.969971
704.559998
711.099976
740.280029
737.530029
746.960022
747.890015
728.51001
736.190002
749.340027
741.070007
735.309998
740.390015
734.140015
729.419983
733.299988
732.559998
742.48999
752.630005
770.940002
764.23999
766.390015
754.340027
758.210022
765.559998
768.48999
770.47998
774
767.909973
778.469971
778.73999
776.5
775.210022
782.049988
787.169983
789.01001
789.789978
799.099976
829.210022
860.150024
917.169983
891.070007
891.070007
898.380005
925.780029
972.169983
971.080017
959.039978
963.380005
995.440002
1017.049988
1033.300049
1135.410034
989.349976
886.159973
888.869995
900.859985
899.780029
904.369995
785.429993
810.109985
824.830017
819.630005
821.169983
827.340027
899.659973
872.030029
895.210022
892.909973
919.840027
918.840027
921.460022
893.75
894.409973
915.559998
918.01001
918.51001
914.549988
920.72998
965.48999
982.429993
1003.969971
1013.02002
1031.849976
1016.109985
1024.670044
1049.560059
1055.48999
978.960022
997.609985
1008.320007
996.52002
995.359985
1008.340027
1008.190002
1031.930054
1049.410034
1052.280029
1048.890015
1077.560059
1119.030029
1120.459961
1171.910034
1176.48999
1149.050049
1171.579956
1188.829956
1189.27002
1222.660034
1255.469971
1283.300049
1264.319946
1271.219971
1277.01001
1232.689941
1146.969971
1191.329956
1112.390015
1179.219971
1225.109985
1238.189941
1243.140015
1253.430054
1172.880005
1071.709961
971.380005
1022.599976
1047.51001
1121.290039
1044.719971
1035.030029
939.700012
966.299988
969.440002
1045.140015
1044.420044
1041.900024
1037.910034
1079.109985
1086.119995
1097.400024
1147.560059
1141.77002
1129.869995
1188.699951
1190.48999
1180.780029
1204.339966
1206.709961
1220.73999
1212.530029
1176.199951
1177.329956
1176.98999
1176.800049
1194.01001
1206.089966
1215.199951
1238.089966
1249.640015
1240.890015
1249.140015
1248.180054
1264.310059
1286.630005
1332.910034
1329.619995
1336.280029
1351.910034
1415.810059
1445.930054
1485.550049
1516.76001
1507.77002
1545.290039
1554.449951
1664.469971
1697.5
1752.310059
1819.290039
1686.390015
1763.73999
1772.550049
1708.920044
1729.339966
1801.300049
1880.98999
1962
2040.180054
2044.189941
2124.409912
2272.580078
2445.280029
2307.219971
2244.889893
2052.429932
2189.02002
2278.209961
2192.550049
2303.340088
2412.649902
2492.600098
2545.429932
2524.060059
2704.959961
2870.5
2691.51001
2798.780029
2811.429932
2900.25
2973.449951
2656.77002
2712.98999
2467.27002
2442.459961
2508.580078
2655.100098
2539.560059
2616.820068
2754.379883
2677.620117
2722.840088
2710.370117
2590.050049
2541.620117
2446.050049
2583.75
2577.73999
2558.370117
2480.610107
2424.610107
2536.459961
2572.469971
2617.320068
2627.860107
2614.23999
2513.879883
2564.860107
2511.429932
2344.02002
2324.290039
2403.090088
2362.439941
2234.169922
1975.079956
1914.089966
2233.389893
2320.22998
2282.580078
2866.02002
2675.080078
2836.530029
2756.610107
2763.419922
2582.580078
2559.209961
2691.879883
2806.75
2733.5
2766.48999
2883.27002
2746.98999
2720.530029
2809.98999
2878.48999
3262.800049
3232.030029
3401.909912
3429.379883
3348.790039
3425.669922
3654.370117
3871.620117
4062.600098
4327.939941
4161.660156
4387.399902
4278.919922
4105.370117
4150.450195
4066.600098
4005.100098
4089.699951
4141.089844
4318.350098
4364.410156
4352.299805
4345.75
4390.310059
4597.310059
4583.02002
4735.109863
4921.850098
4573.799805
4612.919922
4267.450195
4409.080078
4618.709961
4635.600098
4326.450195
4335.129883
4245.890137
4217.899902
4158.919922
3870.290039
3243.080078
3713.76001
3698.919922
3689.610107
4100.279785
3907.959961
3882.159912
3617.27002
3600.830078
3788.02002
3667.52002
3932.830078
3892.699951
4212.200195
4195.649902
4172.790039
4360.620117
4403.089844
4401.319824
4314.180176
4218.660156
4321.439941
4371.939941
4435.810059
4611.700195
4777.490234
4763.359863
4824.200195
5432.620117
5637.259766
5824.709961
5688.140137
5759.330078
5598.580078
5575.830078
5698.649902
5993.109863
6006.649902
5982.859863
5903.609863
5513.080078
5734
5887.609863
5764.560059
5726.609863
6147.52002
6124.279785
6451.240234
6737.779785
7024.810059
7152.120117
7363.799805
7389.549805
6959.22998
7102.75
7444.359863
7129.589844
6565.799805
6339.859863
5878.129883
6522.450195
6597.060059
7283.220215
7853.680176
7699.950195
7780.910156
8042.640137
8244.69043
8099.970215
8234.549805
8013.410156
8200.799805
8754.69043
9318.419922
9733.200195
9906.040039
9837.860352
9946.759766
10861.46973
10912.73047
11246.20996
11623.91016
11667.12988
13749.57031
16850.31055
16047.61035
14843.41992
15059.59961
16732.4707
17083.90039
16286.82031
16467.91016
17604.84961
19345.49023
19065.71094
18972.32031
17523.69922
16461.9707
15632.12012
13664.96973
14396.45996
13789.9502
13833.49023
15756.55957
15416.63965
14398.7002
14392.57031
12531.51953
13850.40039
13444.87988
14754.12988
15156.62012
15180.08008
16954.7793
17172.30078
16228.16016
14976.16992
14468.5
14919.49023
13308.05957
13841.19043
14243.12012
13638.62988
13631.98047
11282.49023
11162.7002
11175.51953
11521.75977
12783.94043
11549.92969
10814.51953
10858.23047
11429.01953
11175.87012
11104.2002
11459.70996
11767.74023
11233.9502
10107.25977
10226.86035
9114.719727
8870.820313
9251.269531
8218.049805
6937.080078
7701.25
7592.720215
8260.69043
8696.830078
8569.290039
8084.609863
8911.269531
8544.69043
9485.639648
10033.75
10188.73047
11097.20996
10417.23047
11182.28027
11256.42969
10481.66016
9847.959961
10175.50977
9705.730469
9610.110352
10326.5
10594.75977
10334.44043
10929.37012
11043.12012
11465.36035
11504.41992
11440.73047
10735.4502
9928.55957
9316.719727
9252.759766
8797.269531
9544.839844
9142.150391
9160.120117
8217.700195
8268.410156
8283.230469
7883.450195
8215.400391
8623.139648
8920.709961
8911.349609
8724.980469
8934.799805
8548.05957
8472.839844
8152.200195
7808.47998
7959.779785
7106.620117
6853.759766
6943.77002
6835.839844
7074.600098
7434.299805
6815.5
6790.450195
6634.859863
6917.200195
7049.919922
6789.529785
6871.069824
6977.129883
7927.72998
7899.109863
8022.509766
8376.730469
8079.77002
7921.629883
8189.959961
8301.820313
8877.080078
8935.719727
8823.360352
8968.25
9655.769531
8873.620117
9282.120117
8938.469727
9351.469727
9407.040039
9248.450195
9077.280273
9232.19043
9745.040039
9699.610352
9845.900391
9644.919922
9377.80957
9196.129883
9321.160156
9032.219727
8421
8486.669922
8709.459961
8672.900391
8480.160156
8344.780273
8071.040039
8247.910156
8249.240234
8533
8419.650391
7992.75
7505.77002
7584.740234
7475.359863
7355.060059
7362.22998
7118.879883
7474.75
7393.02002
7502.149902
7530.549805
7643.259766
7719.75
7503.200195
7629.399902
7661.790039
7700.109863
7627.52002
7513.689941
6773.720215
6887.370117
6556.939941
6310.430176
6643.259766
6396.709961
6503.100098
6457.779785
6714.819824
6741.279785
6761.27002
6720.640137
6051.470215
6166.540039
6157.779785
6260.350098
6088.390137
6141.569824
5871.279785
6203.799805
6385.379883
6339.040039
6615.660156
6509.580078
6590.060059
6534.810059
6602.02002
6758.080078
6707.379883
6668.839844
6306.850098
6394.359863
6253.600098
6229.830078
6268.75
6364.259766
6740.549805
7326.700195
7383.390137
7477.5
7333.930176
7405.399902
7398.640137
7718
8395.820313
8170.22998
7937.25
8182.890137
8230.870117
8216.780273
8176.060059
7735.299805
7610.899902
7542.339844
7417.600098
7017.890137
7042.390137
6945.779785
6723.209961
6285.02002
6543.240234
6153.410156
6242.540039
6322.919922
6263.200195
6199.600098
6274.220215
6323.810059
6591.160156
6405.709961
6502.180176
6269.899902
6491.109863
6366.129883
6538.950195
6708.959961
6749.560059
6720.600098
6915.72998
7091.379883
7052
6998.759766
7026.959961
7203.459961
7301.259766
7270.049805
7369.859863
6705.029785
6515.419922
6411.779785
6200.160156
6249.069824
6324.430176
6295.540039
6337.109863
6492
6486.009766
6522.080078
6502.439941
6261.47998
6346.439941
6398.799805
6505.899902
6762.060059
6716.600098
6702.700195
6583.529785
6437.740234
6462.600098
6686.129883
6635.379883
6603.75
6623.709961
6594.97998
6525.470215
6492.259766
6579.790039
6632.870117
6589.939941
6601.149902
6650.069824
6631.790039
6581.069824
6209.470215
6250.850098
6267.27002
6277.72998
6612.359863
6583.049805
6574.52002
6488.720215
6469.279785
6490.560059
6509.870117
6483.22998
6470.220215
6476.25
6462.77002
6457.209961
6470.169922
6470.740234
6313.910156
6309.109863
6342.609863
6381.299805
6394.660156
6376.319824
6467.049805
6433.740234
6479.720215
6529.680176
6446.060059
6377.990234
6396.370117
6408.180176
6375.080078
6339.169922
5741.470215
5647.5
5586.27002
5568.939941
5615.259766
4809.620117
4441.810059
4593.040039
4320.680176
4343.419922
3854.110107
4004.149902
3784.590088
3822.98999
4263.549805
4286.689941
4009.669922
4197.459961
4143.859863
3871.409912
3948.439941
3737.530029
3485.179932
3420.570068
3461.070068
3592.840088
3467.159912
3401.02002
3485.590088
3305.110107
3235.47998
3232.51001
3255.370117
3548.189941
3715.850098
3736.540039
4137.660156
3898.810059
4045.23999
4007.629883
4081.949951
3834.72998
3848.780029
3646.090088
3947.860107
3797.060059
3896.209961
3747.389893
3880.149902
3961.01001
3835.860107
3874.060059
3855.389893
4102.850098
4050.399902
4040.75
4048.340088
3668.149902
3669.199951
3664.379883
3551.23999
3703.899902
3621.23999
3643.98999
3685.300049
3648.050049
3729.780029
3567.72998
3571.919922
3602.040039
3572.050049
3598.52002
3582.889893
3596.5
3565.080078
3453.419922
3418.25
3467.209961
3434.129883
3461.629883
3508.679932
3449.620117
3431.23999
3447.659912
3394.889893
3375.330078
3660.030029
3652.26001
3685.139893
3611.340088
3617.409912
3605.870117
3588.719971
3593.48999
3617.23999
3670.919922
3912.570068
3924.23999
3974.050049
3937.040039
3983.530029
4149.089844
3771.620117
3845.51001
3817.879883
3830.719971
3823.370117
3831.47998
3842.939941
3812.310059
3731.280029
3874.179932
3874.97998
3882.610107
3868.02002
3947.73999
3929.840088
3874.889893
3888.570068
3878.439941
3881.439941
3927.080078
4027.01001
3998
3988.850098
4024.139893
4056.75
3996.929932
4000.840088
4007.209961
3994.110107
3924.550049
3942.219971
4045.97998
4036.449951
4111.379883
4118.129883
4112.689941
4151.319824
4906.930176
4976.589844
4913.359863
5047.22998
5057.25
5201.160156
5294.089844
5201.299805
5318.600098
5048.560059
5081.5
5080.660156
5165.589844
5037.27002
5212.810059
5236.259766
5289.75
5295.529785
5326.180176
5305.740234
5394.669922
5539.100098
5454.580078
5162.669922
5234.089844
5229.47998
5272.450195
5237.959961
5350.640137
5389.540039
5500.720215
5753.379883
5840.080078
5794.140137
5748.169922
5819.569824
5998.709961
6171.959961
6358.290039
7191.359863
6977.629883
7806.359863
7980.129883
8183.830078
7874.109863
7371.959961
7266.080078
8193.139648
7998.290039
7947.930176
7626.890137
7876.5
7996.399902
8059.129883
8726.230469
8785.169922
8718.849609
8664.55957
8276.25
8550.669922
8555.870117
8737.910156
8114.490234
7677.470215
7791.290039
7807.359863
8002.629883
7933.779785
7643.439941
8021
7917.319824
8174.140137
8235.570313
8693.959961
8853.55957
8979.179688
9336.009766
9081.709961
9280.540039
9536.849609
10218.87012
10689.54004
10855.99023
11035.74023
11740.33984
12913.28027
11154.08984
12355.05957
11884.09961
10769.04981
10591.87012
10844.12988
11981.61035
11156.51953
10993.25
11248.94043
11474.28027
12296.16016
12567.01953
12099.12012
11343.12012
11797.37012
11363.96973
10204.41016
10850.25977
9423.44043
9696.150391
10638.34961
10532.94043
10759.41992
10586.70996
10325.87012
9854.150391
9772.139648
9882.429688
9847.450195
9478.320313
9531.769531
9506.929688
9595.519531
10089.25
10409.79004
10528.99023
10820.41016
10978.91016
11807.95996
11467.09961
11974.28027
11982.79981
11865.20996
11293.58984
11549.05957
11387.41016
10872
10031.88965
10308.50977
10360.42969
10220.75
10326.25
10922.16016
10770.75977
10131.66992
10104.11035
10410.49023
10150.07031
10141.75
10364.91016
10175.46973
9722.830078
9492.80957
9587.25
9624.540039
9768.360352
10387.5
10625.09961
10585.2002
10556.16016
10309.91016
10491.95996
10420.87988
10314.87988
10109.45996
10165.00977
10428.95996
10372.29004
10365.55957
10313.01953
10271.79004
10198.62012
10163.37988
10281.03027
