11.6
11.4
11.58
11.58
11.59
11.45
11.54
11.58
11.7
11.61
11.81
12.05
11.7
11.58
11.65
11.92
11.9
11.91
11.85
11.77
11.76
11.6
11.56
11.47
11.53
11.5
11.22
10.91
10.68
10.22
10.46
10.76
10.6
10.3
9.858
9.923
9.359
9.279
9.5
9.118
8.467
9.471
9.035
9.063
9.009
8.845
9.099
9.156
9.226
9.732
9.625
9.702
9.572
9.653
9.584
9.433
9.601
9.498
9.289
9.111
8.9
8.483
8.497
8.538
8.665
8.521
9.04
9.012
8.979
9.008
9
8.817
8.955
8.631
8.567
8.722
8.661
8.549
8.602
8.625
8.674
8.677
8.84
9.344
9.077
9.239
9.247
9.353
9.748
9.517
9.837
10.14
10.17
9.841
9.704
9.314
9.685
9.848
9.714
9.534
9.857
10.56
10.92
11.13
11.06
11.62
12.22
15.49
13.63
11.21
11.72
12.31
12.12
12.16
11.14
12.17
12.35
12.25
12.26
12.8
14.04
13.79
15.01
14.9
14.79
14.98
15.03
14.03
14.26
14.75
15.13
15.09
15.27
15.79
15.94
15.69
16.01
16.9
16.879999
16.51
16.5
16.82
16.889999
16.049999
16.91
17.059999
16.809999
16.719999
18.040001
19.389999
19.27
19.75
21.07
22.219999
21.17
20.860001
21.5
24.42
25.52
26.6
27.639999
27.92
32.43
41.400002
42.130001
47.25
43.02
42
45.799999
45.41
41.330002
50.389999
49.669998
72.559998
76.029999
74.639999
87.690002
96
89.489998
98.519997
108.739998
108.589996
101.870003
98.080002
103.449997
102.43
101.940002
94.989998
94.129997
84.989998
87.660004
84.760002
78.449997
72.400002
67.419998
56
62.450001
68.639999
74.040001
66.059998
66.139999
67.239998
65.040001
61.389999
60.869999
67.400002
72.809998
71.800003
74.709999
75.190002
75.440002
72.470001
72.339996
71.040001
70.839996
70.959999
70.239998
71.629997
71.199997
71.309998
77.709999
78.550003
93.07
89.360001
84.769997
83.730003
85.589996
86.449997
92.550003
94.379997
100.93
95.870003
86.730003
87.650002
88.629997
85.230003
86.989998
87.279999
88.75
83.32
81.849998
87.190002
96.139999
97.389999
99.849998
119.339996
131.800003
142.5
115.709999
108.949997
96.580002
104.970001
114.099998
119.190002
132.690002
133.529999
142.910004
140.899994
141.660004
143.889999
140.869995
138.410004
141.220001
144.860001
148.470001
181.729996
167.800003
180.210007
163.259995
161.080002
162.179993
175.270004
187.059998
194.5
188.169998
178.960007
180.850006
184.690002
177.990005
169.589996
160.720001
172.979996
179.619995
172.130005
173.699997
162.009995
169.779999
178.550003
181.399994
204.919998
207.710007
190.589996
208.100006
195.490005
174.070007
162.619995
177.729996
167.740005
159.509995
141.880005
131.350006
149.990005
154.610001
153.520004
182.699997
182.039993
190.169998
188.710007
201.479996
193.449997
192.220001
193.710007
184.580002
185.5
171.410004
175.720001
184.039993
181.600006
187.639999
187.089996
192
188.770004
196.639999
203.309998
198.940002
201.009995
205.660004
204.289993
196.899994
198.740005
202.639999
231.080002
234.740005
222.630005
286.579987
291.51001
281.220001
291.76001
292.459991
313.339996
314.959991
396.73999
362.899994
356.559998
360.100006
371.609985
380.769989
395.459991
348.089996
356.269989
313.649994
326.73999
349.76001
346.980011
330.890015
324.839996
324.26001
317.75
326.589996
298.959991
240.080002
285.559998
300.269989
312.089996
335.579987
325.950012
342.579987
329.850006
342.609985
351.079987
329.200012
348.220001
341.700012
350.51001
342.359985
328.700012
329.579987
317.01001
307.980011
294.5
303.320007
305.350006
305.950012
311.519989
301.970001
282.329987
290.929993
298.209991
290.809998
308.820007
316.350006
308.890015
302.160004
299.480011
296.190002
293.700012
287.540009
276.660004
273.859985
279.390015
291
286.190002
284.859985
280.559998
273.529999
282.920013
284.929993
277.230011
269.640015
263.220001
276.790009
273.450012
272.220001
273.869995
288.950012
313.200012
325.369995
325.890015
343.429993
487.140015
421.660004
420.929993
420.679993
419.440002
423.940002
453.549988
442.390015
485.959991
491.660004
573.659973
561.549988
560.919983
636.119995
616.450012
623.719971
609.830017
667.549988
758.710022
781.52002
764.950012
759.929993
764.640015
731.289978
667.349976
660.26001
700.25
707.950012
669.630005
755.549988
881.349976
871.76001
927.76001
891.109985
987.530029
1084.540039
1142.439941
1136.119995
1433.410034
1339.72998
1099.650024
1160.849976
1096.430054
1109.099976
1180.569946
1133.359985
1103.060059
1089.310059
943.140015
1013.890015
1019.419983
1162.469971
1129.890015
1120.119995
1080.880005
1160.349976
1161.97998
1080.359985
1107.160034
1098.329956
1000.419983
1049.48999
1098.150024
999.609985
934.659973
743.429993
794.789978
821.159973
843.869995
925.099976
818.960022
762.380005
759.580017
787.919983
794.150024
782.76001
779.150024
821.25
770.75
682.200012
701.950012
619.609985
594.48999
636.409973
546.5
451.269989
523.059998
520.830017
604.919983
635.72998
631.419983
577.950012
616.929993
592.840027
677.409973
696.01001
694.159973
739.429993
686.099976
727.719971
686.25
661.469971
629.409973
632.099976
591.640015
593.210022
623.380005
612.049988
585.690002
621.059998
605.830017
613.869995
621.97998
615.210022
583.01001
514.900024
496.690002
502.01001
487.48999
530.25
502.390015
490.76001
432.820007
419.049988
430.820007
392.899994
397.329987
413.410004
429.950012
434.609985
412.429993
432.540009
423.049988
414.640015
391.359985
356.630005
353.019989
330.940002
312.929993
310.25
295.51001
316.25
342.119995
303.130005
304.26001
289.859985
299.670013
312.399994
299.829987
302.549988
312.690002
359.73999
354.549988
360.470001
384.75
366.399994
368.140015
423.320007
435.059998
462.76001
445.290009
470.290009
506.470001
525.859985
462.980011
504.339996
471.390015
496.350006
499.200012
472.869995
478.769989
487.079987
504.51001
487.299988
508.829987
485.679993
457.660004
442.589996
443.220001
418.420013
391.920013
404.089996
416.480011
432.869995
426.73999
412.600006
387.940002
394.26001
384.730011
401.170013
384.269989
358.149994
339.940002
345.359985
339.630005
322.609985
316.559998
286.959991
316.540009
304.690002
305.01001
315.790009
321.790009
329.820007
317.75
318.679993
315.089996
315.720001
310.709991
297.75
270.25
270.619995
259.98999
245.789993
267.559998
255.300003
267.660004
265.649994
264.959991
260.940002
265.869995
261.029999
236.559998
245.470001
238.550003
241.259995
230.789993
229.160004
221.339996
235.350006
239.399994
236.009995
249.419998
241.740005
245.289993
242.179993
242.479996
246.539993
243.199997
231.210007
221.320007
218.929993
212.800003
217.899994
223.369995
232.169998
247.190002
260.420013
265.880005
261.059998
243.089996
255.259995
251.080002
237.470001
252.020004
245.179993
242.229996
244.080002
240.630005
239.160004
235.529999
217.380005
218.770004
210.350006
210.75
202.589996
206.449997
199.199997
186.880005
173.320007
183.839996
168.559998
164.960007
168.490005
144.169998
138.220001
153.580002
150.320007
167.089996
151.990005
154.949997
141.389999
141.539993
136.669998
140.320007
145.089996
144.559998
141.720001
183.619995
193.889999
186.880005
184.669998
194.25
222.369995
212.860001
217.380005
217.220001
173.080002
181.089996
186.619995
186.479996
193.199997
201.929993
187.600006
185.570007
192.130005
190.850006
191.259995
191.740005
183.259995
190.809998
191.220001
199.770004
209.699997
204.789993
204.960007
197.820007
189.690002
183.910004
195.059998
187.649994
188.610001
187.720001
187.460007
182.119995
178.380005
181.5
183.190002
180.929993
181.179993
182.990005
181.220001
179.830002
157.059998
159.210007
163.220001
159.220001
168.070007
165.729996
163.029999
156.830002
154.699997
157.130005
157.089996
153.660004
155.910004
157.460007
157.119995
157.320007
155.089996
157.419998
151.119995
154.039993
153.660004
154.919998
155.550003
156.399994
166.009995
164.949997
170.970001
167.520004
165.539993
160.350006
161.970001
161.119995
164.919998
163.899994
146.660004
140.740005
139.25
135.220001
133.690002
110.599998
107.059998
115.650002
101.879997
100.650002
93.080002
92.650002
90.760002
90.830002
100.199997
97.68
92.629997
96.110001
93.519997
84.870003
85.720001
78.199997
64.790001
68.470001
68.730003
76.730003
68.43
63.869999
65.510002
61.16
59.259998
63.119999
63.869999
72.68
74.970001
74.459999
99.110001
86.449997
89.419998
91.959999
92.620003
85.32
85.57
76.970001
85.529999
80.370003
83.449997
79.900002
82.739998
86.529999
81.839996
82.190002
81.480003
87
84.599998
82.419998
86.489998
74.120003
73.57
73.669998
70.169998
73.099998
70.699997
71.669998
72.739998
71.389999
74.089996
69.260002
69.839996
72.080002
71.68
74.019997
73.800003
74.370003
71.389999
68.059998
68.139999
69.480003
67.980003
67.709999
68.279999
66.739998
67.290001
68.779999
66.230003
67.879997
74.779999
74.760002
76.190002
80.580002
83.519997
81.050003
78.510002
79.529999
79.900002
80.449997
87.400002
88.32
88
85.5
87.510002
90.779999
81.040001
84.220001
83.550003
81.980003
83.139999
84.199997
83.870003
81.660004
79.220001
84.330002
84.620003
82.949997
81.080002
84.5
84.080002
84.190002
92.900002
92.050003
90.389999
90.949997
93.389999
94.040001
92.669998
92.279999
94.139999
90.529999
91.730003
92.730003
92.949997
89.889999
89.43
95.459999
96.669998
99.5
101.769997
111.760002
114.370003
125.010002
124.739998
123.389999
134.529999
131.889999
135.889999
137.229996
132.910004
129.740005
123.239998
120.169998
120.470001
123.389999
118.870003
121.290001
120.860001
124.519997
123.410004
124.239998
122.43
122.75
118.349998
116.050003
108.510002
111.75
110.610001
113.309998
111.529999
113.410004
119.860001
116.639999
123.290001
122.790001
120.910004
121.550003
117.379997
118.940002
113.529999
113.400002
123.849998
124.940002
130.949997
141.050003
153.199997
148.199997
140.350006
141
172.779999
167.960007
166.199997
154.270004
154.050003
155.970001
153.580002
162.220001
166.419998
168.720001
168.639999
162.690002
165.600006
162.850006
164.679993
156.149994
143.820007
147.529999
143.960007
149.399994
145.699997
142.25
151.080002
147.539993
156.729996
153.300003
153.850006
154.449997
156.190002
158.440002
158.289993
162.220001
162.169998
167.440002
176.550003
174.669998
175.770004
176.639999
172.289993
155.800003
169.789993
169.449997
156.410004
154.330002
152.339996
158.059998
155.610001
153.990005
154.320007
157.789993
159.110001
156.210007
150.440002
142.339996
142.800003
140
123.25
121.110001
99.980003
102.400002
109.860001
112.339996
116.779999
118.650002
114.160004
109.559998
109.730003
114.970001
115.330002
110.660004
108.010002
105.779999
105.43
108.57
106.879997
105.07
106.449997
106.139999
110.279999
106.57
107.360001
105.730003
103.82
99.209999
106.68
104.669998
101.839996
96.5
94.720001
93.809998
92.010002
95
97.57
94.059998
90.190002
91.160004
93.809998
93.410004
92.080002
92.440002
91.300003
84.379997
80.199997
80.610001
80.529999
80.089996
81.57
83.169998
81.349998
80.419998
80.209999
84.139999
88
86.510002
83.209999
82.970001
85.730003
93.730003
91.639999
89.18
93.010002
94.330002
97.93
100.07
