12.93
14.72
13.72
13.11
13.36
12.91
13.05
12.89
13.09
13.3
13.17
13.24
13.21
13.23
13.45
13.32
13.09
12.87
12.68
12.24
12.06
11.74
11.75
11.77
12.02
11.9
11.96
11.93
11.98
12.5
11.98
12.05
12.07
12.06
11.95
11.93
11.38
11.5
11.43
11.08
10.39
11.22
10.91
10.75
10.82
10.86
11.13
11.11
10.97
10.9
10.86
10.64
10.52
10.29
9.955
10.13
9.999
10.22
10.01
9.953
9.526
9.696
9.572
9.561
9.841
9.781
9.22
9.392
9.336
8.909
8.665
8.178
8.59
8.438
7.651
7.901
7.544
6.694
7.612
8.354
8.298
8.518
8.087
8.203
8.453
8.396
8.225
7.755
7.853
7.66
7.887
7.611
7.591
7.866
7.636
7.16
7.229
7.19
7.208
7.148
7.574
8.214
8.162
8.054
8.135
8.335
9.595
10.88
10.2
10.07
9.785
10.27
10.2
10.55
9.831
9.806
9.781
9.784
9.879
9.594
10.14
10.19
10.43
10.6
10.91
10.71
10.78
10.51
10.51
10.65
10.51
10.54
10.47
10.62
10.71
10.71
10.78
10.95
11.32
11.22
11.32
11.45
11.39
10.94
11.34
11.43
11.42
11.39
13
12.97
12.95
12.72
12.83
12.82
12.52
12.77
12.69
13.13
13.11
13.57
14.59
15.55
16.07
17.549999
19.08
19.48
18.610001
19.219999
19.75
18.91
16.540001
17.709999
19.129999
21.450001
23.309999
28.450001
28.58
35.18
45.509998
44.48
34
43.119999
42.509998
42.669998
41.650002
43.200001
53.189999
50.619999
50.630001
49.060001
50.25
53.07
51.91
49.91
50.599998
48.549999
44.130001
44.43
44.900002
43.23
42.310001
44.369999
43.720001
43.740002
43.740002
46.380001
49.970001
47.32
48.889999
48.220001
47.939999
49.880001
47.880001
49.360001
48.27
48.41
48.75
49.939999
50.09
53.279999
63.139999
72.419998
69.830002
79.830002
77.529999
77.25
80.370003
94.550003
90.790001
94.82
90.459999
88.389999
86.269997
87.830002
88.199997
85.150002
87.959999
88.720001
90.32
87.800003
86.980003
95.879997
124.379997
123.059998
148
160.389999
169.5
193.029999
177.330002
162.830002
156.630005
172.860001
194.169998
228.580002
228.639999
220.699997
222.039993
224.300003
244.960007
247.75
264.26001
255.770004
259.410004
279.109985
335.950012
339.679993
394.660004
388.089996
343.839996
344.679993
353.609985
368.100006
351.529999
358.200012
350.529999
325.299988
320.970001
326.850006
304.540009
279.359985
253.679993
286.140015
315.859985
292.899994
280.679993
261
283.98999
276.410004
269.049988
266
265.880005
240.940002
245.669998
237.720001
205.759995
190.550003
224.149994
205.410004
197.139999
169.100006
155.419998
189.970001
227.089996
194.410004
226.330002
216.330002
230.470001
228.320007
225.479996
203.589996
202.880005
202.929993
191.210007
206.139999
196.779999
201.330002
225.899994
218.119995
224.389999
220.600006
253.089996
264.559998
269.940002
296.51001
295.279999
298.279999
309.320007
308.019989
296.619995
299.160004
286.519989
301.380005
300.299988
292.619995
293.019989
298.200012
321.850006
313.369995
317.399994
325.279999
330.059998
332.859985
347.880005
347.660004
372.350006
383.859985
388.329987
391.420013
351.029999
352.450012
303.700012
317.940002
338.920013
335.369995
306.720001
303.790009
299.209991
297.950012
294.100006
275.839996
223.139999
259.570007
254.490005
258.399994
297.529999
283
283.559998
257.769989
262.940002
286.140015
282.600006
294.890015
288.640015
309.970001
302.769989
292.579987
302.769989
303.950012
296.809998
291.809998
291.679993
294.98999
308.329987
311.26001
309.48999
296.950012
298.459991
302.859985
302.890015
336.829987
338.809998
336.579987
334.230011
316.140015
313.540009
307.410004
303.079987
299.549988
294.029999
285.269989
296.5
296.350006
295.540009
296.359985
293.350006
304.040009
306.799988
303.640015
289.420013
284.920013
304.51001
300.040009
296.230011
296.820007
291.839996
307.350006
319.660004
296.859985
314.230011
306.019989
314.600006
334.720001
331.200012
330.320007
331.720001
346.649994
354.600006
367.709991
360.519989
380.839996
406.570007
470.429993
464.609985
470.540009
475.23999
466.269989
427.420013
434.850006
461.579987
457.959991
462.809998
466.929993
453.959991
422.480011
421.149994
451.73999
472.859985
436.48999
513.289978
656.52002
699.090027
693.580017
684.27002
692.830017
717.710022
785.98999
812.5
799.169983
789.390015
657.830017
700.440002
675.909973
723.140015
753.400024
739.940002
716.690002
739.599976
692.98999
741.130005
756.200012
861.969971
941.099976
944.830017
967.130005
1006.409973
1117.75
1136.109985
1289.23999
1248.98999
1139.319946
1261.030029
1385.02002
1359.47998
1278.689941
1050.26001
1024.689941
1012.969971
1037.359985
1150.5
1049.089966
999.640015
984.469971
1061.780029
1046.369995
1048.579956
1109.079956
1231.579956
1169.959961
1063.75
1111.310059
1026.189941
917.469971
970.869995
827.590027
695.080017
785.01001
751.809998
813.549988
877.880005
850.75
811.23999
865.27002
840.97998
920.109985
927.950012
938.02002
974.77002
913.900024
939.789978
885.52002
840.099976
804.630005
854.700012
833.48999
840.280029
867.619995
871.580017
851.5
869.869995
855.599976
855.650024
864.830017
849.419983
815.690002
751.130005
698.830017
726.919983
682.299988
720.359985
697.02002
689.960022
613.150024
610.559998
600.530029
549.789978
537.380005
555.549988
557.570007
559.909973
539.890015
543.830017
520.159973
523.01001
486.25
448.779999
445.929993
383.899994
393.820007
394.070007
378.850006
384.679993
415.929993
378.649994
381.359985
370.350006
384.980011
400.720001
399.019989
415.649994
430.420013
493.950012
494.959991
502.790009
534.150024
511.670013
503.029999
525.780029
567.25
617.159973
605.169983
621.330017
644.130005
703.349976
617.72998
661.450012
643.330017
683.02002
689.309998
670.039978
670.809998
686.73999
777.619995
784.210022
816.580017
790.390015
752.400024
747.789978
751.27002
723.609985
677.799988
683.640015
729.340027
727.409973
705.640015
706.719971
668.380005
693.570007
696.049988
715.150024
696.72998
640.840027
577.01001
602.590027
584.77002
585.76001
569.640015
512.030029
566.590027
557.119995
577.22998
579.01001
590.530029
619.039978
591.309998
608.22998
606.299988
604.440002
599.549988
593.380005
524.73999
531.150024
494.529999
476.299988
519.830017
487.51001
497.220001
496.73999
517.630005
538.450012
536.159973
525.77002
462.160004
474.179993
455.25
458.820007
429.579987
441.75
420.720001
435.25
453.420013
451.950012
476.579987
461.950012
467.190002
467.549988
469.929993
485.809998
486.190002
471.480011
432.690002
445.589996
430.910004
432.459991
433.73999
449.619995
478.75
499.059998
479.019989
468.649994
448.839996
461.040009
457.649994
449.630005
479.470001
471.279999
462.029999
469.690002
468.549988
466.200012
456.559998
431.98999
419.869995
410.829987
417.619995
406.910004
408.809998
404.950012
377.940002
355.570007
363.51001
331.570007
318.01001
318.200012
284.029999
278.309998
281.23999
286.799988
317.570007
294.850006
299.619995
270.809998
281.130005
270.369995
275.829987
281.369995
277.559998
274.299988
288.019989
295.549988
288.670013
284.149994
281.660004
295.359985
295.019989
288.970001
285.230011
228.270004
229.520004
215.139999
196.770004
195.990005
197.139999
185.149994
183.029999
211.270004
208.869995
221.630005
220.119995
196.039993
208.389999
209.779999
224.759995
247.690002
240.779999
244.550003
227.919998
219.199997
214.210007
229.089996
221.559998
231.320007
232.600006
230.889999
225.410004
219.970001
221.759995
227.899994
224.619995
225.649994
229.330002
227.490005
225.259995
189.830002
195.970001
199.449997
194.990005
210.800003
210.220001
207.600006
202.490005
202.860001
205.080002
204.770004
203.600006
203.699997
202.919998
201.229996
203.369995
202.789993
203.720001
195.669998
196.190002
197.850006
198.729996
201.020004
199.470001
211.300003
209.699997
219.559998
217.990005
211.289993
209.389999
211.899994
211.699997
210.809998
206.419998
182.720001
181.529999
174.839996
174.220001
177.529999
148.220001
130.740005
136.5
124.830002
123.370003
112.75
116.75
108.870003
110.190002
122.879997
117.480003
112.870003
118.5
115.959999
108.230003
109.82
101.57
90.43
93.610001
91.440002
94.419998
90.699997
88.050003
90.519997
86.389999
83.900002
84.269997
85.389999
95.440002
102.440002
100.629997
116.43
109.440002
118.360001
131.559998
140.869995
130.990005
132.610001
116.720001
139.729996
137.300003
141.330002
133.490005
142.660004
156.570007
149.440002
156.039993
156.229996
158.610001
152.089996
151.100006
151.169998
127.959999
127.160004
125.830002
116.559998
129.740005
121.220001
123.120003
123.720001
120.57
124.849998
118.410004
116.720001
119.120003
117.57
117.699997
115.919998
116.330002
112.269997
106.360001
104.75
109.040001
106.889999
107.029999
111
107.209999
106.900002
106.93
104.5
104.300003
119.489998
119.459999
125.580002
120.760002
122.629997
122.309998
120.849998
122.019997
123.260002
134.279999
146.529999
144.399994
149.229996
146.360001
149.039993
159.479996
133.419998
139.020004
137.119995
135.940002
136.289993
136.149994
133.809998
131.210007
126.43
137.929993
138.490005
137.649994
134.419998
138.240005
136.360001
133.539993
134.369995
132.929993
132.889999
137.630005
141.679993
139.740005
138.5
139.460007
140.220001
135.610001
136.759995
137.740005
136.210007
133.960007
134.289993
140.229996
138.389999
144.410004
143.289993
142.399994
141.850006
164.929993
161.179993
158.070007
166.389999
166.279999
175.570007
181.059998
176.300003
177.389999
165.240005
164.559998
164.529999
168.679993
160.300003
166.899994
167.020004
174.600006
174.130005
173.960007
170.300003
171.899994
170.660004
166.050003
152.990005
156.449997
158.360001
158.050003
156.690002
164.389999
161.419998
161.289993
168.240005
163.610001
163.940002
173.699997
168.589996
171.419998
170.860001
172.5
192.440002
188.139999
195.830002
217.160004
248.639999
264.470001
244.839996
233.960007
260.899994
252.100006
254.940002
243.460007
245.600006
249.610001
251.490005
268.26001
271.829987
271.450012
269.600006
254.449997
267.420013
264.709991
269.309998
249.610001
241.100006
246.160004
249.429993
249.539993
244.399994
231.429993
247.960007
245.160004
263.049988
255.089996
263.76001
269.220001
268.529999
273.920013
264.51001
269.01001
272.209991
296.029999
309.410004
307.369995
311.220001
316.529999
333.76001
294.070007
309.369995
317.320007
290.149994
294.170013
291.609985
302.170013
283.100006
287.899994
287.980011
306.429993
313.339996
307.890015
288.640015
268.559998
275.410004
268.940002
226.160004
228.139999
198.710007
211.289993
226.089996
221.279999
228.710007
225.399994
217.220001
212.210007
216.660004
219.410004
219.229996
207.169998
211.149994
210.830002
209.820007
218.699997
217.509995
217.699997
222.020004
222.699997
233.190002
225.940002
225.990005
221.179993
210.470001
206.259995
216.389999
211.279999
208.619995
186.490005
188.240005
185.410004
185.690002
194.770004
202.429993
196.550003
187.320007
190.740005
194.639999
191.080002
186.580002
188.460007
187.169998
173.009995
168.949997
168.520004
172.149994
171.419998
178.759995
179.130005
175.009995
174.380005
169.470001
178.320007
181.669998
180.839996
180.009995
178.479996
181.190002
181.559998
188.899994
189.479996
197.850006
207.899994
210.5
221.009995
