3.822
3.827
3.772
3.757
3.812
3.799
3.798
3.848
3.843
3.834
3.842
3.828
3.832
3.835
3.828
3.828
3.837
3.823
3.844
3.824
3.805
3.773
3.807
3.795
3.879
3.873
3.86
3.863
3.84
3.815
3.789
3.771
3.803
3.851
3.883
3.845
3.853
3.923
3.984
3.949
4.054
3.964
3.964
4.063
4.082
3.828
3.859
3.857
3.869
3.842
3.824
3.846
3.804
3.804
3.751
3.854
3.86
3.867
3.888
3.884
3.931
3.922
3.878
3.923
3.912
3.898
3.865
3.882
3.853
3.86
3.868
3.841
3.866
3.887
3.9
3.893
3.892
3.495
3.499
3.63
3.667
3.67
3.668
3.633
3.65
3.633
3.61
3.629
3.616
3.669
3.664
3.641
3.641
3.63
3.669
4.409
4.384
4.218
4.199
4.304
4.424
4.469
4.348
4.318
4.423
4.538
4.513
4.421
4.157
3.762
3.818
3.914
4.252
4.467
3.842
3.939
3.859
3.891
3.848
3.819
3.893
3.803
3.818
3.84
3.846
3.815
3.816
3.746
3.662
3.808
3.849
3.838
3.823
3.991
4.019
4
4.031
3.992
3.956
3.966
3.926
3.929
3.925
3.669
3.761
3.808
3.725
3.737
3.804
3.812
3.839
3.833
3.776
3.754
3.735
3.776
3.796
3.796
3.868
3.854
3.818
3.829
3.773
3.804
3.96
4.024
3.976
3.969
4.047
3.965
3.804
3.885
3.776
3.8
3.867
4.358
4.173
4.262
4.325
4.204
4.048
3.983
4.121
4.09
3.976
4.02
4.177
4.125
4.099
4.105
4.196
4.319
7.504
7.103
7.479
8.224
8.574
8.969
12.39
10.7
9.887
10.66
9.206
9.799
9.665
11.6
11.06
11.67
11.67
11.73
11.26
11.06
10.29
10.97
12
14.05
15.15
14.87
15.06
14.89
14.66
14.25
15.75
15.63
15.74
15.57
20.530001
22.950001
25.200001
27.459999
29.5
28.1
31.77
31.280001
29.879999
26.76
28.139999
28.07
24.5
22.83
25.059999
27.879999
27.27
27.42
26.02
24.790001
31.360001
34.799999
28.32
24.450001
22.83
23.889999
25.33
23.889999
25.91
27.549999
28.27
27.27
27.889999
30.780001
30.07
28.469999
29.9
29.540001
30.059999
33.630001
28.98
30.379999
29.190001
29.290001
34.119999
45.799999
43.799999
47.369999
45.68
44.5
46.16
46
42.700001
41.279999
38.529999
40.240002
41.889999
40.130001
39.48
38.080002
41.259998
45.34
54.509998
52.919998
51.040001
46.099998
51.220001
48.630001
45
43.98
47.139999
45.689999
42.459999
38.41
40.700001
42.169998
43.349998
40.110001
44.349998
45.200001
46.470001
44.669998
44.77
42.299999
42.029999
41.889999
40.43
41.07
40.610001
42.380001
43.16
41.919998
42.75
43.310001
46.240002
45.560001
46.110001
49.130001
47.779999
46.970001
47.110001
46.27
45.490002
45.700001
43.169998
43.970001
43.830002
46.740002
45.189999
45.810001
48.09
46.400002
53.439999
50.360001
51.09
51.580002
61.080002
62.360001
63.759998
65.970001
73.029999
87.879997
79.18
79.040001
68.889999
73.730003
81.440002
80.25
73.190002
71.089996
67.080002
68.129997
65.889999
61.779999
45.200001
52
52.099998
51
56.16
52.799999
51.560001
46.459999
47.669998
49.290001
47.5
52.27
52.27
56.900002
54.91
52.799999
55.41
54.799999
53.290001
52.150002
51.220001
51.639999
52.080002
52.57
53.299999
50.080002
50.580002
50.790001
59.720001
59.049999
63.939999
65.57
64.760002
59.189999
60.549999
59.68
60.09
58.09
56.509998
54.630001
55.560001
56.189999
55.549999
55.02
54.220001
56.75
56.220001
55.5
52.830002
54.189999
55.98
54.830002
54.599998
54.5
60.52
62.380001
64.150002
58.990002
62.139999
58.540001
61
62.130001
63.16
70.699997
67.360001
69.419998
71.760002
72.379997
69.910004
72.029999
72.940002
77.540001
88.790001
86.239998
90.989998
94.220001
85.410004
85.940002
99.150002
99.32
100.699997
103.870003
100.489998
98.970001
96
125.239998
155.979996
147.839996
214.539993
328.519989
305.269989
279.809998
300.269989
302.040009
319.570007
357.51001
346.869995
304.809998
307.690002
262.089996
284.109985
272.23999
268.209991
279.48999
264.070007
249.860001
243.130005
212.070007
226.520004
224.339996
251.809998
244.630005
238.300003
244.509995
278.920013
271.570007
254.25
246.039993
249.100006
226.529999
235.350006
257.940002
236.860001
231.889999
183.860001
188.210007
191.029999
192.270004
210.679993
190.729996
179.419998
177.919998
180.589996
178.970001
175.649994
180.710007
193.229996
180.449997
165.380005
162.929993
141.369995
131.169998
161
147.550003
125.040001
141.850006
137.839996
149.479996
163.899994
154.910004
149.059998
161.399994
159.050003
212.009995
221.080002
228.389999
229.410004
214.220001
221.970001
229.380005
210.259995
192.910004
206.600006
206.350006
218.309998
218.619995
215.149994
202.139999
209.320007
212.589996
210.289993
213.360001
210.800003
196.580002
186.039993
175.820007
186.380005
177.300003
188.389999
177.850006
175.470001
160.770004
164.279999
164.949997
152.649994
153.940002
161.509995
169.089996
168.710007
163.929993
168.850006
159.050003
160.309998
148.279999
134.880005
131.660004
114.660004
118.489998
116.32
115.110001
119.260002
134.229996
118.360001
118.760002
113.18
116.199997
117.870003
115.019997
114.410004
118.400002
129.710007
125.57
126.529999
132.699997
128.839996
132.339996
140.479996
146.580002
155.729996
148.5
146.669998
152.639999
164.690002
144.990005
153.220001
145.869995
151.960007
153.429993
148.270004
147.990005
151.210007
161.220001
168.729996
178.160004
171.660004
164.229996
159.039993
156.779999
148.240005
136.470001
141.820007
144.410004
147.389999
139.559998
139.320007
132.630005
136.190002
135.139999
139.580002
134.279999
128.130005
118.699997
122.879997
119.07
118.440002
117.959999
111.169998
119.5
117.230003
118.379997
120.199997
123.620003
125.18
119.959999
122.080002
121.489998
121.629997
119.989998
117.459999
106.75
107.220001
100.040001
93.739998
101.019997
95.550003
96.699997
94.980003
98.730003
98.660004
97.849998
96.699997
84.959999
82.970001
80.620003
81.610001
75.830002
80.730003
74.190002
79.040001
81.120003
79.889999
85.489998
84.989998
85.400002
83.300003
83.080002
84.879997
82.220001
80.470001
75.940002
78.300003
76.989998
76.620003
76.269997
78.629997
83.669998
89.050003
86.32
86.199997
81.82
83.610001
82.300003
81.25
89.160004
86.339996
83.540001
84.449997
84.019997
83.949997
82.190002
78.839996
77.639999
76.199997
77.589996
73.019997
74.650002
73.580002
67.330002
62.220001
63.009998
59.139999
57.91
59.369999
56.470001
54.369999
54.41
55.389999
61.790001
57.240002
57.82
53.400002
56.400002
55.18
57.279999
57.919998
57.939999
57.080002
60.689999
63.16
61.540001
60.23
62.130001
66.470001
66.220001
65.379997
67.68
57.73
57.490002
55.549999
53.139999
54.720001
54.34
52
51.630001
54.549999
56.279999
56.360001
56.790001
52.09
54
54.310001
56.59
60.869999
60.599998
61.360001
57.950001
57.540001
57.23
63.220001
61.84
61.540001
61.099998
60.279999
59.34
57.360001
58.139999
58.75
57.82
58.09
59.439999
58.68
57.82
50.810001
53.299999
53.419998
51.939999
54.68
53.900002
53.669998
52.349998
52.810001
53.310001
52.759998
52.119999
52.599998
52.27
52.169998
52.049999
51.900002
51.790001
48.709999
49.040001
49.68
50.330002
51.41
50.82
54.23
53.639999
56.029999
54.060001
52.279999
51.889999
52.18
51.119999
50.68
49.419998
43.380001
43.959999
42.279999
41.830002
42.130001
36.27
32.849998
34.59
31.559999
32.049999
29
30.84
29.5
31.129999
34.630001
33.68
31.85
34.119999
33.580002
30.700001
30.950001
28.92
26.530001
25
24.5
25.6
24.280001
23.43
24.360001
23.1
23.360001
23.709999
25.65
29.309999
30.440001
29.389999
32.830002
30.540001
32.130001
33.5
33.279999
31.120001
30.889999
28.049999
32.66
31.049999
32.02
30.129999
32.119999
33.400002
32.029999
32.439999
34.939999
39.450001
37.98
39.560001
38.919998
33.549999
32
32.259998
30.110001
32.360001
31.27
31.629999
31.83
31.129999
32.57
30.76
31.040001
31.799999
31.889999
32.830002
32.91
32.98
32.34
31.16
31.01
31.83
31.52
32.73
34.540001
33.259998
33.970001
34.27
32.810001
33.18
43.130001
44.610001
46.860001
42.849998
43.93
41.689999
41.389999
42.689999
43.560001
44.060001
47.880001
47.349998
51.68
48.990002
49.639999
51.799999
43.98
45.759998
45.049999
45.369999
45.919998
47.380001
48.900002
48.169998
46.130001
52.970001
55.849998
57.240002
56
58.18
57.049999
55.34
56.970001
55.849998
56.34
58.91
61.610001
60.970001
59.669998
60.169998
60.91
58.900002
59.610001
61.130001
59.950001
59.16
59.080002
61.77
60.740002
61.810001
60.709999
60.779999
60.700001
77.669998
85.580002
85.150002
88.949997
92.629997
92.160004
89.610001
87.019997
88.339996
79.440002
78.980003
78.150002
83.940002
78.269997
81.029999
79.339996
82.269997
82.699997
81.690002
77.389999
77.139999
74.260002
73.339996
71
72.800003
71.309998
69.099998
67.940002
75.120003
73.849998
73.860001
79.290001
78.129997
75.989998
75.480003
74.279999
75.050003
74.07
76.800003
88
84.830002
87.629997
91.5
102.169998
95.660004
89.980003
86.709999
95.059998
91.639999
91.239998
87.730003
88.889999
100.540001
102.970001
112.480003
116.949997
114.93
115.290001
108.050003
114.400002
112.449997
114.580002
105.860001
102.120003
103.849998
111.410004
117.080002
118.510002
114.870003
129.830002
136.080002
136.160004
130.860001
132.710007
138.350006
136.949997
134.190002
135.130005
136.830002
135.779999
139.070007
141.770004
136.830002
135.399994
135.509995
130.520004
114.239998
119.459999
133.440002
122.160004
122.669998
118.68
121.970001
119.669998
118.529999
118.309998
120.169998
123.459999
119.440002
108.230003
103.040001
105.07
101.059998
89.760002
90.449997
79.629997
90.220001
101.269997
98.660004
100.43
99.690002
95.169998
89.970001
94.440002
93.370003
94.199997
88.779999
89.769997
90.269997
90.269997
98.839996
98.839996
94.769997
94.160004
92.93
96.400002
92.980003
90.540001
90.129997
84.309998
85.239998
89.900002
85.779999
84.559998
75.790001
76.269997
74.790001
72.720001
76.349998
77.139999
75.080002
73.099998
73.779999
75.459999
73.339996
72.150002
73.449997
72.75
66.809998
63.5
64.230003
64.389999
66.110001
67.150002
69.120003
67.169998
65.699997
65.440002
68.900002
70.559998
69.980003
70.779999
69.839996
69.239998
69.129997
70.699997
70.260002
72.830002
74.18
77.769997
76.919998
