12.14
12.12
10.27
11.61
11.94
10.36
11.73
10.57
10.66
10.28
11.25
12.16
12.27
13.42
18.35
9.226
8.878
7.203
6.739
6.8
7.063
6.556
5.741
5.788
6.212
5.912
5.74
5.717
5.065
5.413
5.262
5.085
5.379
5.317
5.26
5.147
4.696
5.121
4.935
4.394
4.156
4.613
4.377
4.004
4.437
4.439
4.371
5.422
4.974
4.883
4.721
4.434
4.892
4.842
4.84
4.661
4.462
4.582
4.522
4.447
4.092
4.637
4.309
4.402
4.486
4.406
4.188
4.21
4.086
3.997
3.702
3.642
3.669
3.62
3.302
3.44
3.313
2.799
2.977
3.231
3.178
3.394
3.082
3.178
3.125
3.077
3.094
2.943
2.933
2.792
3.098
2.925
2.886
2.877
2.772
2.517
2.744
2.769
3.276
3.44
3.266
3.476
3.701
3.787
3.937
4.192
4.348
4.841
4.712
4.928
4.584
4.545
4.112
4.198
3.8
4.055
4.294
4.277
4.114
3.996
4.306
4.35
4.483
4.398
4.563
4.633
4.598
4.331
4.276
4.223
4.353
4.245
4.253
4.222
4.258
4.147
4.083
4.038
4.202
4.16
4.195
4.26
4.515
4.261
4.226
4.337
4.425
4.34
4.755
4.839
4.946
4.926
5.053
5.187
5.032
4.634
4.733
5.077
4.72
4.778
4.905
4.821
4.558
5.072
5.779
5.776
5.567
6.099
5.979
5.764
5.297
5.488
5.938
6.042
7.335
7.782
8.31
10.01
9.575
7.85
6.805
8.331
8.214
8.278
9.162
9.311
9.02
8.734
8.765
9.05
9.127
9.32
9.944
11.87
12.69
11.54
10.92
11.14
10.42
10.46
9.625
9.943
10.13
10.24
10.17
10.68
10.62
10.87
11.39
11.66
11.78
12.43
11.92
11.33
11.18
12.1
12
13.85
13.4
12.72
13.98
14.53
17.040001
16.83
15.87
16.34
16.469999
17.08
16.620001
17.17
16.799999
16.91
16.190001
16.879999
17.530001
16.48
15.97
16.879999
15.63
14.11
15.3
15.83
16.9
17.440001
17.309999
19.84
29.09
27.190001
23.860001
22.33
20.52
20.67
21.209999
20.629999
22.139999
23.610001
24.73
26.27
29.08
28.860001
33.669998
34.400002
35.32
34.380001
33.869999
33.900002
31.83
33.099998
30.67
28.6
28.75
32.209999
30.32
32.970001
31.620001
29.879999
31.120001
31.49
29.42
27.09
24.969999
26.17
28.280001
27.120001
28.23
24.799999
26.559999
29.02
27.93
27.17
27.74
23.219999
23.620001
22.32
16.610001
16.559999
21.450001
20.65
19.610001
18.219999
15.96
18.26
19.549999
17.049999
19.83
20.33
21.48
20.91
21.68
18.1
18.43
18.32
17.34
17.549999
17.299999
16.65
18.209999
17.860001
17.42
17.48
19.040001
18.959999
19
21.389999
22.889999
22.870001
22.459999
22.690001
20.530001
20.07
21.1
21.49
19.99
19.049999
19.620001
20.530001
22.24
21
21.99
23.059999
25.440001
29.620001
28.030001
26.25
25.030001
25.23
26.33
28.620001
24.23
24.98
21.969999
23.040001
23.66
23.77
22.280001
22.16
21.620001
20.92
21.219999
20.5
15.94
18.25
17.65
17.6
19.040001
18.450001
18.42
17.049999
16.9
18.040001
17.85
18.790001
18.860001
20.959999
22.299999
20.639999
21.219999
20.65
19.379999
19.43
18.889999
18.92
19.77
20.08
19.09
17.799999
18.889999
18.620001
18.24
18.370001
18.969999
18.690001
19.1
18.77
18.26
18.08
17.58
16.799999
16.879999
16.26
17.549999
17.879999
17.84
17.629999
17.120001
17.4
17.139999
17.65
16.91
16.110001
17.809999
17.35
16.6
16.84
17.059999
18.280001
19.110001
17.620001
18.27
17.459999
18.32
18.84
19.15
19.809999
19.129999
19.709999
20.280001
21.08
21.200001
25.110001
25.42
28.51
28.33
27.32
28.700001
28.549999
24.51
25.93
26.59
29.41
35.68
37.98
35.34
30.98
26.99
29.59
28.780001
27.68
30.969999
34.200001
35
36.619999
36.41
41.689999
43.049999
56.209999
109.330002
88.989998
85.150002
61.529999
73.75
69.230003
71.370003
85.940002
80.099998
74.639999
75.620003
63.939999
70.029999
74.43
79.080002
77.360001
73.18
72.139999
76.860001
78.870003
99.050003
90.830002
102.5
99.800003
105.82
106.230003
93.82
90.629997
66.029999
64.690002
63.130001
77.440002
96.199997
88.199997
84.339996
88.239998
90.470001
88.269997
84.010002
84.550003
84.610001
79.459999
68.540001
67.940002
65.089996
58.610001
61.720001
50.66
42.990002
47.09
46.849998
51.84
56.740002
54.240002
48.689999
53.720001
49.200001
52.82
53.439999
53.610001
54.549999
51.98
53.700001
49.830002
45.830002
43.220001
44
42.919998
44.119999
46.41
47.919998
45.790001
46.950001
45.080002
47.330002
46.389999
46.07
43.23
39.139999
38.439999
36.540001
33.099998
36.09
34.799999
38.25
31.190001
31.99
32.830002
30.52
29.690001
33.459999
35.450001
36.130001
35.169998
35.66
34.400002
34.09
34.34
32.610001
33.080002
26.790001
25.790001
26.23
24.42
25.610001
27.18
23.9
26.67
24.15
24.49
25.25
24.309999
24.84
25.370001
28.059999
29.32
29.110001
30.76
28.92
29
32.740002
38.07
39.779999
38.59
40.259998
42.470001
45.220001
40.240002
43.029999
40.029999
41.689999
40.689999
40.630001
39.009998
39.380001
44.139999
43.110001
44.240002
43.009998
41.450001
44.869999
49.959999
44.27
55.220001
51.110001
51.529999
52.849998
53.18
50.009998
56.029999
55.439999
53.5
54.240002
51.240002
44.990002
41.77
41.98
39.580002
38.889999
38.32
33.049999
37.810001
36.389999
38.48
39.720001
40.73
40.580002
37.669998
38.380001
38.290001
39.189999
38.400002
37.360001
32.830002
33.52
30.860001
30.59
34.509998
32.639999
33.349998
33.75
34.450001
36.509998
36.16
35.259998
30.549999
30.559999
30.76
32.240002
30.219999
30.07
30.41
32.84
35.139999
34.75
36.939999
35.619999
35.619999
36.099998
36.259998
35.48
34.110001
34.240002
30.76
31.98
30.290001
28.07
28.33
28.809999
30.16
31.700001
31.33
30.549999
28.280001
29.719999
35.759998
32.040001
30.379999
30.059999
29.870001
30.59
30.26
30.51
31.17
29.9
30.200001
29.23
29.459999
28.24
28.610001
27.809999
26.68
22.35
25.85
22.969999
20.68
21.02
19.01
16.35
16.379999
16.950001
19.549999
18.07
18.629999
17.799999
19.469999
18.58
19.139999
18.969999
19.200001
19.370001
20.1
21.02
20.780001
20.07
19.610001
20.360001
20.23
20.59
20.76
17.030001
16.540001
15.48
14.24
14.52
14.14
13.86
13.22
13.86
13.44
13.26
13.48
12.29
12.36
12.5
13.14
14.38
13.61
13.54
13.21
13.04
12.78
13.47
13.16
13.49
13.44
13.28
13.16
12.89
12.93
12.81
12.65
12.81
13.19
13.19
13.31
11.66
11.79
12.44
12.08
12.38
12.66
12.73
12.67
12.4
12.64
13.1
13.23
13.59
14.29
13.71
13.71
14.09
14.87
14.22
14.56
14.35
14.36
14.76
15.35
14.87
14.57
14.72
14.79
14.75
14.66
14.73
13.87
13.4
13.1
11.26
11.12
11.21
10.9
11.09
8.763
8.253
9.145
9.933
9.265
8.259
7.948
7.637
7.78
8.672
8.676
8.184
8.752
8.445
7.801
8.138
7.408
6.834
6.403
6.209
6.413
5.929
6.401
6.919
6.2
5.766
5.608
5.658
6.298
6.547
6.89
7.547
7.119
7.577
8.552
8.809
7.907
8.079
7.318
8.192
8.281
8.268
7.791
8.288
8.944
8.631
9.321
9.345
9.597
9.437
10.07
10
9.141
9.364
9.091
8.207
10.21
9.766
14.17
15.07
15.38
17.42
18.1
16.889999
15.33
14.5
15
14.07
13.72
12.94
11.29
11.97
11.98
12.49
12.7
14.76
14.4
13.51
13.41
12.9
13.01
13.86
13.74
13.56
13.32
13.65
13.41
13.42
13.43
13.48
13.75
14.36
14.07
14.07
13.72
13.84
14.19
12.65
13.03
12.89
12.77
12.53
12.71
12.65
12.77
12.23
12.66
12.59
12.87
12.68
13.14
13.61
14.56
13.96
14.02
14.27
14.52
14.46
14.74
14.95
14.66
15.02
14.3
14.34
14.46
14.39
14.15
14.12
14.61
14.53
14.94
15.84
15.54
15.8
17.790001
19.99
19.34
19.76
21.18
22.280001
22.35
20.58
19.83
18.219999
19.4
18.809999
20.23
18.709999
19.049999
20.17
21.309999
22.110001
21.67
20.91
22.99
21.639999
21.76
21.23
22.059999
21.67
21.49
20.639999
21.309999
20.5
20.41
20.709999
20.309999
20.290001
20.83
19.969999
19.959999
19.110001
19.889999
21.09
20.139999
20.57
21.129999
24.18
23.040001
21.190001
21.73
22.75
21.32
20.43
19.379999
19.58
19.370001
19.450001
20.01
20.209999
20.52
20.6
19.190001
19.610001
19.41
19.719999
18.450001
17.049999
17.629999
17.530001
18.4
19.26
17.719999
19.01
18.66
18.610001
18.370001
18.209999
18.75
18.700001
18.719999
18.08
18.280001
17.950001
18.290001
18.459999
18.18
18.290001
17.83
17.57
16.65
16.959999
16.73
15.64
15.18
14.88
14.51
14.26
14.24
14.34
14.86
14.56
16.309999
15.28
14.22
15.43
14.65
13.26
12.84
10.73
11.18
12.07
12.42
12.77
12.63
12.09
11.68
11.77
11.47
11.55
11.1
11.16
11.2
11.71
11.53
11.12
11.11
11.12
10.92
11.67
10.99
11.1
11.11
10.88
10.81
11
10.89
10.58
9.726
10.01
9.64
9.509
9.658
10.25
9.963
9.874
9.938
9.804
9.845
9.595
9.631
9.397
8.367
8.092
8.12
7.999
8.03
8.189
8.19
8.439
9.119
11.13
10.83
10.89
10.62
10.25
10.28
10.54
10.47
10.68
10.39
10.41
10.61
10.66
10.74
