0.006958
0.006825
0.006805
0.006848
0.0074
0.0075
0.008166
0.0077
0.008405
0.008668
0.009097
0.0086
0.007982
0.00795
0.008169
0.0078
0.007256
0.007496
0.007366
0.007446
0.00745
0.008064
0.007814
0.007921
0.007981
0.00812
0.007999
0.00803
0.00808
0.0084
0.008571
0.0092
0.009098
0.00888
0.008903
0.00886
0.008902
0.008774
0.00829
0.0078
0.007732
0.008023
0.007979
0.008028
0.008225
0.008145
0.0082
0.00821
0.00807
0.00826
0.008263
0.008179
0.008153
0.008021
0.008109
0.008028
0.008079
0.00771
0.0077
0.007809
0.0078
0.007689
0.00765
0.0074
0.007378
0.007045
0.00687
0.006819
0.006971
0.006845
0.006761
0.00672
0.006795
0.006604
0.006558
0.006656
0.006423
0.006304
0.0067
0.007
0.006996
0.006931
0.006742
0.006766
0.0067
0.006689
0.006788
0.006634
0.006694
0.00649
0.0065
0.00645
0.006538
0.006559
0.006376
0.006086
0.006438
0.00631
0.00625
0.006135
0.006243
0.006474
0.006415
0.006511
0.006346
0.006312
0.006411
0.00641
0.006276
0.006222
0.006363
0.006251
0.006176
0.006815
0.006543
0.006359
0.006669
0.006795
0.00681
0.00678
0.00683
0.0068
0.00684
0.0066
0.00684
0.00678
0.00669
0.0065
0.00649
0.0063
0.00636
0.00639
0.00631
0.00645
0.00641
0.00649
0.0064
0.00638
0.00644
0.00629
0.00638
0.00641
0.00635
0.00628
0.00631
0.00638
0.00627
0.00624
0.00622
0.0061
0.00593
0.00587
0.00554
0.00591
0.00596
0.00585
0.00583
0.00585
0.0056
0.00563
0.0057
0.00556
0.00557
0.00539
0.00606
0.00649
0.0062
0.00604
0.00604
0.00673
0.0065
0.00648
0.00617
0.00625
0.00632
0.00644
0.00639
0.00625
0.0063
0.00597
0.00688
0.00669
0.0069
0.00682
0.00719
0.011
0.01062
0.00888
0.00937
0.00943
0.00955
0.01015
0.01383
0.0214
0.022
0.0615
0.03201
0.03787
0.03559
0.0332
0.03715
0.03575
0.03421
0.03404
0.03316
0.03455
0.03422
0.03348
0.03381
0.03306
0.03333
0.03281
0.03035
0.02999
0.03355
0.0316
0.03141
0.03151
0.03224
0.03275
0.03523
0.045
0.05383
0.05218
0.05383
0.05382
0.06108
0.08
0.09139
0.1001
0.1391
0.1917
0.1564
0.187
0.1837
0.2069
0.2102
0.2171
0.2631
0.325
0.375
0.3575
0.3224
0.3449
0.324
0.2988
0.3229
0.29
0.24
0.276
0.21
0.2281
0.2324
0.2042
0.2475
0.3364
0.2959
0.2921
0.2941
0.2888
0.284
0.2762
0.2869
0.2814
0.2598
0.2701
0.2467
0.2626
0.2623
0.245
0.2506
0.2597
0.2651
0.281
0.308
0.2726
0.2779
0.2916
0.2775
0.2577
0.2461
0.2618
0.2686
0.2561
0.2466
0.2386
0.2537
0.2523
0.2473
0.252
0.2506
0.2303
0.23
0.2261
0.1883
0.1778
0.1958
0.1925
0.1843
0.172
0.1461
0.1723
0.1788
0.163
0.1925
0.1835
0.1977
0.1966
0.1915
0.1744
0.1723
0.1725
0.1633
0.169
0.1633
0.1648
0.1776
0.1709
0.1748
0.1744
0.1848
0.1802
0.1782
0.1967
0.1841
0.1809
0.1778
0.1716
0.1657
0.1683
0.1577
0.1603
0.1578
0.1569
0.1526
0.1587
0.1958
0.2421
0.2457
0.2173
0.2167
0.2097
0.2017
0.2252
0.2199
0.2319
0.2593
0.2529
0.2252
0.2303
0.2045
0.2168
0.2314
0.2271
0.2122
0.213
0.2173
0.2143
0.2095
0.1983
0.1711
0.1846
0.1828
0.1814
0.1933
0.1848
0.1817
0.171
0.1728
0.1791
0.1757
0.1846
0.1892
0.2099
0.2023
0.1967
0.1999
0.2083
0.2031
0.2033
0.2135
0.238
0.2334
0.2397
0.2799
0.2501
0.2582
0.2632
0.2464
0.2602
0.2556
0.2652
0.2579
0.2295
0.217
0.2139
0.2082
0.2097
0.2014
0.1917
0.2038
0.2023
0.2019
0.2001
0.1982
0.2015
0.2024
0.1975
0.1903
0.2003
0.2059
0.2015
0.1997
0.2013
0.2055
0.2167
0.2154
0.2033
0.2092
0.1915
0.2001
0.205
0.2083
0.2269
0.2239
0.2275
0.2321
0.2406
0.2318
0.2385
0.24
0.241
0.2488
0.245
0.247
0.2795
0.2353
0.2356
0.2473
0.2441
0.2449
0.2462
0.2337
0.2182
0.2035
0.2337
0.2353
0.2271
0.2451
0.3555
0.4584
0.8507
0.7377
0.7397
0.7114
0.7558
0.7344
0.7144
1.12
1
1.01
0.9782
0.9805
1.07
1.21
1.26
1.93
1.86
1.98
2.05
2.19
2.73
2.73
2.51
2.65
2.78
2.41
2.06
1.95
1.93
2.02
2
1.83
1.66
1.15
1.31
1.57
1.54
1.57
1.37
1.34
1.34
1.36
1.3
1.21
1.22
1.36
1.27
1.11
1.14
0.9503
0.8989
0.9595
0.8166
0.6805
0.7619
0.7157
0.781
0.9201
1.03
0.9607
1.04
0.9866
1.13
1.11
1.11
1.18
1.07
1.11
1.03
0.9512
0.8904
0.9402
0.9009
0.9012
0.9296
0.9276
0.8853
0.9155
0.8983
0.8984
1
0.9427
0.9013
0.8535
0.8053
0.8236
0.775
0.8173
0.7822
0.7777
0.6876
0.6841
0.6779
0.6278
0.65
0.7203
0.6996
0.6786
0.6523
0.6404
0.629
0.6341
0.5874
0.5703
0.5733
0.5031
0.499
0.5003
0.4787
0.4937
0.5473
0.4903
0.4886
0.4731
0.4847
0.4973
0.4862
0.4909
0.5399
0.6416
0.6424
0.6401
0.6935
0.6638
0.6548
0.7132
0.7828
0.9229
0.8655
0.862
0.8736
0.9213
0.795
0.8463
0.8057
0.8616
0.8682
0.8313
0.834
0.8587
0.8802
0.8889
0.9004
0.8629
0.8266
0.8065
0.7957
0.7485
0.678
0.6836
0.7285
0.7272
0.6905
0.708
0.6592
0.6762
0.6747
0.6985
0.6756
0.6384
0.591
0.6293
0.6057
0.609
0.6044
0.5478
0.5997
0.6005
0.6111
0.6209
0.6428
0.6883
0.6555
0.6743
0.6737
0.6774
0.6734
0.6573
0.5817
0.5988
0.5575
0.5301
0.5576
0.5338
0.5326
0.5269
0.5391
0.5492
0.5396
0.5341
0.4826
0.4906
0.4747
0.4805
0.4525
0.4712
0.4467
0.4538
0.4685
0.4612
0.4899
0.4846
0.492
0.4773
0.4764
0.4851
0.4782
0.4731
0.4426
0.449
0.4379
0.438
0.4388
0.4474
0.4824
0.5066
0.4887
0.4768
0.4448
0.4544
0.4488
0.445
0.4573
0.459
0.4492
0.4548
0.4576
0.4529
0.4458
0.4351
0.4464
0.4306
0.4402
0.4296
0.4347
0.4128
0.3781
0.3321
0.344
0.3187
0.298
0.2958
0.2745
0.273
0.2803
0.2916
0.3672
0.3284
0.3414
0.3149
0.334
0.3178
0.3257
0.3269
0.3273
0.323
0.3387
0.3508
0.3447
0.3348
0.3348
0.3468
0.3417
0.3345
0.3304
0.2789
0.3014
0.2868
0.2769
0.2759
0.2697
0.263
0.2699
0.2793
0.2762
0.2807
0.281
0.2705
0.319
0.3265
0.4485
0.5644
0.5732
0.5713
0.4921
0.5251
0.5129
0.5434
0.5396
0.5688
0.5817
0.5769
0.5165
0.5277
0.5281
0.5195
0.4877
0.482
0.491
0.4805
0.464
0.3809
0.4193
0.4194
0.4064
0.4555
0.4774
0.4774
0.4619
0.4567
0.4646
0.4613
0.4575
0.4658
0.461
0.4604
0.4641
0.4587
0.462
0.443
0.4459
0.4524
0.4593
0.459
0.4558
0.4686
0.4993
0.5529
0.5381
0.4944
0.5016
0.5061
0.5069
0.5209
0.5121
0.4749
0.4839
0.4736
0.4943
0.5128
0.4776
0.4369
0.4476
0.4225
0.4089
0.3756
0.3782
0.359
0.3626
0.3925
0.3812
0.363
0.3737
0.3695
0.3468
0.3519
0.337
0.3074
0.3023
0.3074
0.3136
0.3022
0.3005
0.3081
0.3002
0.2894
0.2858
0.2891
0.3319
0.3558
0.3531
0.3808
0.3609
0.3675
0.3757
0.4097
0.3862
0.3833
0.342
0.3821
0.368
0.3752
0.3564
0.3709
0.3799
0.3607
0.3628
0.3569
0.3721
0.3671
0.3696
0.3721
0.3326
0.3316
0.3325
0.3188
0.3364
0.3278
0.3302
0.3313
0.3247
0.3336
0.32
0.3209
0.3216
0.3169
0.3198
0.3174
0.3155
0.3082
0.2952
0.2892
0.3235
0.3122
0.3086
0.3115
0.3028
0.2986
0.2996
0.289
0.2909
0.3127
0.3123
0.3098
0.3023
0.3055
0.305
0.3015
0.3023
0.3019
0.3048
0.3238
0.3254
0.333
0.322
0.3249
0.3362
0.3005
0.3307
0.3197
0.3136
0.3166
0.3172
0.3163
0.3129
0.3043
0.3171
0.3188
0.3141
0.3095
0.3151
0.3143
0.312
0.3108
0.3161
0.3136
0.3165
0.3206
0.3174
0.3167
0.3169
0.3197
0.3112
0.3113
0.3117
0.3085
0.3024
0.3028
0.3111
0.3072
0.3096
0.3128
0.3109
0.3134
0.3545
0.3426
0.3314
0.3644
0.354
0.3638
0.3591
0.3504
0.354
0.3292
0.3258
0.3268
0.3303
0.3194
0.3263
0.3368
0.3371
0.3324
0.3287
0.3226
0.3245
0.3207
0.3017
0.2879
0.3003
0.2952
0.2983
0.2956
0.3113
0.3055
0.3031
0.3075
0.3048
0.3009
0.3039
0.2975
0.3002
0.2948
0.2984
0.3216
0.3107
0.324
0.4075
0.4579
0.419
0.3902
0.3719
0.4185
0.3993
0.3971
0.3717
0.3807
0.384
0.3869
0.4092
0.4347
0.4488
0.4446
0.4188
0.438
0.4293
0.4447
0.4175
0.3981
0.401
0.4201
0.4207
0.4086
0.3858
0.4017
0.3934
0.4029
0.3996
0.404
0.4112
0.4282
0.4484
0.427
0.4354
0.4304
0.4453
0.4755
0.4688
0.4729
0.4657
0.4614
0.4049
0.4242
0.4253
0.3934
0.4057
0.3984
0.4056
0.3874
0.3795
0.3899
0.3986
0.4028
0.394
0.3613
0.3289
0.3443
0.3319
0.3046
0.3128
0.295
0.3108
0.3209
0.3197
0.3334
0.3308
0.3209
0.3081
0.316
0.3132
0.3239
0.3095
0.3115
0.3098
0.3188
0.3199
0.3164
0.3115
0.3162
0.3194
0.3217
0.3112
0.3111
0.308
0.2961
0.2986
0.3029
0.3005
0.2972
0.2631
0.2642
0.2612
0.2658
0.2836
0.2823
0.2743
0.266
0.2711
0.2775
0.2721
0.2699
0.2702
0.2695
0.2563
0.2571
0.2556
0.2586
0.2569
0.2616
0.2632
0.2589
0.2565
0.2518
0.2605
0.2627
0.2588
0.2586
0.2554
0.2544
0.256
0.2622
0.2608
0.2615
0.2859
0.3139
0.3016
