5000
4000
650
1600
1550
907.27002
835.01001
600
507
309.109985
240
275
267
212.089996
181.229996
140.949997
120
105.099998
113.900002
93.559998
84.470001
68.07
62.919998
60.66
55.009998
59.59
81.190002
100
90.540001
75
73.650002
74.110001
68
67.209999
63
60
58
57.849998
50
49.25
55.900002
53.990002
49.48
47.860001
48.950001
48.389999
46.689999
44
39.450001
39.650002
35.900002
36.060001
34.18
36.830002
35.439999
48.990002
53.549999
46.77
45.560001
43.009998
44.009998
48.869999
50.200001
52
48
49
50.080002
50
53.139999
49.990002
46.290001
46.75
45.150002
45.490002
45.299999
40.040001
43
43.040001
44.98
44.209999
43.419998
45.009998
43.240002
43.990002
43.279999
43.259998
42.900002
42.560001
41.049999
39.110001
37.110001
38.810001
38
38.720001
40.299999
39.720001
39.299999
39.779999
38.5
39
37.52
37.099998
36.290001
34.560001
32.57
32.509998
32.580002
31.040001
30.709999
33.150002
33.669998
33
32
30.620001
30.280001
31.129999
30.209999
27
30.01
30.35
29.02
29.24
36.16
36.869999
41.650002
39.700001
41.380001
41.5
39.400002
39.490002
37.830002
36
36.549999
34.400002
38.91
39.139999
48
44.029999
46.299999
47.849998
45.02
64
65.010002
71.68
65.040001
66.419998
65.489998
62.889999
61.939999
58.259998
56.419998
63.110001
62.540001
60.560001
62.220001
61.57
59.25
59.259998
59.549999
59.990002
59.310001
60.560001
63.41
63.48
64.860001
61.779999
62.32
64.129997
72.089996
75.239998
71
69.660004
69.709999
70
65.959999
68.830002
68
68.529999
67.580002
69.900002
72.5
78.400002
85
96
92.720001
87.059998
93.5
92.93
98.75
100.25
105.32
95
103.25
94.389999
96.889999
93.519997
96.519997
95.75
95.949997
94
91.32
92.970001
94.269997
103.82
104.849998
118.339996
198.770004
231.789993
232.199997
216.740005
200
180.990005
190.419998
201.960007
223.729996
231.360001
245.729996
237.830002
225.940002
238.869995
246.460007
256.799988
264.690002
270.26001
279.029999
321.01001
324.01001
301.929993
364.420013
381.920013
394.769989
381.029999
394.209991
369.01001
401.679993
410.679993
381.339996
379.230011
374.679993
351.350006
313.920013
295.920013
335.579987
336.910004
313.570007
291.720001
275.390015
293.630005
288.910004
281.630005
282.440002
285.910004
248.059998
249.800003
241.429993
196.089996
176.759995
211.399994
194.589996
177.059998
160.339996
163.339996
179.210007
200.070007
181.229996
209.580002
203.649994
218.970001
211.880005
210.779999
186.699997
189.179993
186.740005
175.5
186.020004
173.539993
172.289993
189.889999
188.699997
187.940002
186.639999
205.529999
208.119995
208.399994
247.889999
241.860001
231.75
235.300003
223.229996
213.470001
210.690002
212.029999
217.240005
208.899994
200.009995
232.809998
240.050003
237.279999
226.029999
227.679993
227.479996
237.899994
299.630005
273.779999
276.170013
270.040009
275.179993
286.48999
306.359985
251.869995
262.720001
219.899994
229.779999
247.509995
248.110001
220.970001
219.25
217.270004
213.690002
209.710007
198.929993
161.929993
187.020004
179.360001
177.039993
195.020004
188.5
188.25
175.410004
196.119995
204.830002
205.570007
231.300003
232.130005
286.720001
311.190002
289.829987
278
265.540009
257
252.649994
237.309998
256.029999
257.950012
254
242.190002
229.389999
234.529999
236.240005
226.919998
238.929993
239.660004
232.289993
233.25
229.990005
228.410004
230.080002
221.360001
211.800003
213.080002
204.880005
214.860001
216.300003
233.330002
243.529999
228.860001
233.160004
239.75
232.119995
221.210007
216.679993
231.160004
229.839996
224.970001
227.199997
238.479996
249.710007
260.769989
235.850006
252.610001
280.929993
263.170013
269.149994
287.589996
295.230011
290.309998
297.23999
299.660004
303.859985
289.519989
318.26001
309.630005
348.829987
343.320007
336.429993
344.769989
361.100006
302.089996
301.869995
330.709991
325.700012
318.679993
326.920013
320.890015
314.75
292.290009
319.029999
308.049988
283.890015
316.049988
364.140015
410.779999
504.970001
463.779999
465.070007
527.140015
583.719971
589.890015
666
646.98999
481.98999
522.200012
519.380005
516.97998
546.200012
517.26001
478.640015
519.039978
446.559998
479.290009
518.48999
549.200012
559.080017
546.950012
545.659973
657.52002
757.169983
692.640015
668.820007
716.799988
645.22998
700.049988
699.640015
668.409973
625.48999
506.329987
496.029999
483.029999
525.630005
559.960022
489.029999
445.709991
442.040009
457.959991
473.98999
456.940002
454.829987
476.170013
449.450012
384.540009
399.850006
402.730011
386.230011
388.98999
344.070007
305.170013
368.480011
353.690002
438.519989
472.899994
480.540009
433.429993
461.269989
444.769989
481.279999
480.75
478.850006
489.420013
447.899994
472.149994
438.200012
427.859985
395.130005
417.350006
393.959991
395.029999
404.410004
408.820007
385.660004
402.059998
388.76001
387.559998
409.940002
392.420013
386.670013
348.859985
318.640015
311.200012
288.299988
308.100006
291
286.589996
251.949997
243.889999
237.889999
222.210007
245.289993
256.179993
261.019989
260.609985
250.720001
260.820007
243.330002
241.399994
226.589996
217.789993
212.559998
188.270004
191.990005
188.229996
184.860001
195.100006
207.789993
186.300003
186.380005
178.100006
184.529999
187.279999
180.610001
182.740005
187.169998
218.839996
230.360001
224.449997
234.220001
227.630005
224.360001
249.100006
266.200012
283.23999
271.26001
273.779999
301.279999
316.519989
284.470001
303.01001
282.059998
296.230011
293.140015
283.829987
291.339996
293.660004
308.619995
295.980011
307.279999
291.920013
280.589996
274.76001
275.950012
262.299988
237.960007
245.830002
260.179993
310.23999
352.820007
366.089996
314.109985
358.76001
343.25
350.440002
327.079987
311.410004
284.589996
294.929993
281.609985
271.200012
262.040009
228.139999
245.960007
240.869995
240.619995
239.539993
249.330002
252.770004
235.699997
238.509995
235.550003
237.009995
235.899994
229.990005
199.440002
205.289993
193.139999
182.669998
198.110001
193.240005
190.789993
186.850006
196.889999
198.070007
194.139999
190.220001
167.899994
170.660004
166.220001
176.229996
161.169998
168.119995
154.240005
162.929993
170.639999
169.830002
184.110001
178.770004
181.820007
174.919998
175.130005
174.919998
173.240005
167.190002
159.320007
158.050003
154.580002
176.029999
173.220001
174.139999
188.679993
209.869995
209.029999
200.610001
183.179993
188.110001
189.690002
190.210007
223.740005
222.550003
221.649994
221.279999
222.850006
217.639999
214.350006
209.729996
197.229996
186.179993
186.990005
174.119995
179.830002
180.800003
175.940002
160.759995
174.809998
160.279999
155.759995
157.169998
142.610001
133.169998
135.029999
140.320007
151.639999
141.800003
141.570007
129.520004
134.470001
127.550003
132.580002
141.110001
138.610001
134.619995
151.520004
153.990005
152.860001
151.179993
149.589996
157.990005
155.710007
156.729996
156.110001
130.869995
131.270004
125.330002
120.650002
119.82
119.080002
111.639999
111.540001
118.120003
118.75
120.32
119.139999
107.910004
111.769997
113.099998
119.760002
126.279999
123.93
130.369995
137.759995
135.649994
132.729996
143.139999
135.270004
133.210007
129.970001
126.540001
125.879997
122.129997
123.540001
127.800003
124.970001
125.129997
126.580002
125.949997
124.709999
109.059998
110.620003
111.519997
109.5
113.25
116.720001
121.379997
119.459999
121.489998
126.519997
125.790001
123.449997
121.360001
125.410004
125.339996
122
120.059998
123.709999
116.860001
115.330002
116.330002
116.919998
118.889999
117.559998
122.800003
122.75
131.529999
130.009995
136.789993
134.830002
130.449997
130.380005
135.050003
128.139999
111.68
111.980003
109.32
112.660004
114.389999
98.360001
85.089996
86.080002
77.599998
78.150002
67.370003
71
66.879997
73.209999
80.150002
88.279999
81.050003
80.760002
79.809998
70.949997
74.660004
66.040001
58.150002
59.84
57.57
60.82
56.689999
53.990002
55.529999
51.66
49.43
50.560001
51.610001
57.200001
59.450001
57.919998
66.5
62.27
64.68
66.150002
69.019997
62.41
61.779999
56.759998
63.450001
60.779999
60.68
56.130001
59.84
62.290001
59.490002
59.700001
58.450001
62.759998
61.400002
60.610001
61.259998
55.240002
56.52
56.470001
53.529999
56.950001
54.18
53.459999
54.599998
53.610001
54.720001
52.849998
52.5
53.040001
53.040001
54.09
53.150002
52.900002
51.450001
49.68
49.119999
50.290001
49.599998
49.099998
49.5
48.66
48.560001
47.93
46.700001
46.84
50.310001
50.43
50.740002
51.43
54.349998
52.66
51.790001
51.189999
52.330002
52.619999
55.540001
54.889999
55.189999
53.950001
54.25
57.43
52.07
53.16
52.939999
52.77
51.310001
52.470001
52.209999
50.860001
49.25
50.990002
50.27
50.720001
49.580002
52.029999
51.029999
50.240002
53.779999
51.889999
52.639999
53.57
55.119999
54.400002
54.950001
57.27
59.41
55.869999
55.860001
57.360001
57.830002
55.459999
54.82
57.59
56.880001
58.119999
57.57
59.400002
63.139999
70.410004
68.959999
67.199997
72.830002
71.389999
74.910004
73.209999
71.18
72.010002
70.269997
72.010002
69.849998
70.300003
67.739998
69.690002
70.970001
71.050003
70.160004
69.949997
68.970001
69.459999
67.260002
65.739998
61.27
62.869999
60.91
61.650002
58.529999
62.459999
60.98
61.470001
64.089996
62.459999
61.66
61.23
58.16
58.900002
57.23
57.990002
63.66
60.57
63.490002
67.669998
76.870003
74.870003
73.760002
71.889999
77.940002
76.419998
74.879997
70.099998
71.860001
72.559998
72.059998
76.099998
76.459999
85.239998
85.300003
82.989998
89.940002
86.25
88.709999
83.379997
77.839996
80.540001
80.050003
83.440002
80.870003
77.529999
80.199997
79.860001
91.559998
87.620003
91.150002
92.440002
93.809998
102.199997
111.980003
111.059998
109.699997
110.349998
113.029999
109.75
108.839996
104.589996
112.089996
105.440002
111.879997
113.959999
102.760002
103.809998
101.610001
106.150002
101.040001
100.010002
103.800003
106.82
105.129997
100.889999
97.139999
88.18
93.120003
89.540001
82.080002
80.269997
67.160004
73.959999
78.889999
75.550003
77.769997
75.360001
73.110001
70.730003
71.169998
70.150002
71.709999
69.25
68.970001
67.650002
67.169998
67.989998
67.760002
66.519997
65.080002
66
66.800003
62.369999
62.18
62.59
58.720001
56.709999
59.98
56.810001
55.48
50.599998
50.799999
49.07
50.200001
52.91
54.220001
52.060001
50.02
51.060001
51.310001
50.759998
50.419998
51.610001
50.82
46.889999
45.369999
45.279999
45.639999
45.84
47.02
45.740002
45.040001
45.049999
45.990002
47.259998
48.52
47.450001
45.259998
44.599998
44.830002
44.91
46.419998
46.900002
48.77
50.950001
52.939999
51.470001
